ID TP TN FP FN acc pre rec
all:    73561 471583 26030 10283 0.937548262382257 0.7386310007932444 0.877355565097085
bottom: 14400 168824 6952 3643 0.9453355966133351 0.674409891345073 0.7980934434406695
top:    44078 221732 14160 5658 0.9306160460459059 0.7568597822727429 0.8862393437349204
