ID TP TN FP FN acc pre rec
all:    123576 328117 45557 12800 0.8855857268895206 0.7306439311074716 0.9061418431395554
bottom: 35873 97268 15061 4813 0.870117308760579 0.7043036085915105 0.8817037801700831
top:    58586 175992 15962 4485 0.9198235467111068 0.7858829210709878 0.9288896640294272
